文本相似度如下表所示：
 	  0  	  1  	  2  	  3  	  4  	  5  	 
0 	1.0000	0.7684	0.8474	0.8623	0.8354	0.8063	 
1 	0.7684	1.0000	0.8998	0.8807	0.8314	0.6399	 
2 	0.8474	0.8998	1.0000	0.9664	0.9234	0.7386	 
3 	0.8623	0.8807	0.9664	1.0000	0.9331	0.7494	 
4 	0.8354	0.8314	0.9234	0.9331	1.0000	0.7583	 
5 	0.8063	0.6399	0.7386	0.7494	0.7583	1.0000	 

